Id,SalePrice
1461,0.5088060963755037
1462,0.4883392306624082
1463,0.7796246771281768
1464,0.7925963477294822
1465,0.515560491598389
1466,0.8023311067907237
1467,0.47047735036800453
1468,0.8041051659491739
1469,0.5169583391195669
1470,0.5047514511873353
1471,0.4791119566726845
1472,0.8026722677405916
1473,0.8133664768782115
1474,0.8031933898069714
1475,0.5470796556033884
1476,0.8046006943480076
1477,0.5613288015553397
1478,0.49587078183585637
1479,0.5343771004027221
1480,0.4904740869323707
1481,0.7919610193028751
1482,0.4994965282599641
1483,0.514537689209832
1484,0.4954870295792253
1485,0.7924054020274965
1486,0.787891209554229
1487,0.8015872239966675
1488,0.569004582696848
1489,0.5488325371476184
1490,0.5173932925982504
1491,0.8062046382446886
1492,0.5355015831134569
1493,0.5323465490904046
1494,0.7973942924593811
1495,0.7969429662546872
1496,0.48184292459380657
1497,0.8078745452020556
1498,0.8026691154006391
1499,0.7871183030134707
1500,0.7966491181780313
1501,0.8016310651298436
1502,0.7894904318844607
1503,0.47182903763366213
1504,0.7779503680044442
1505,0.4786707679488962
1506,0.5282642688515486
1507,0.7860915983891129
1508,0.7950461463685602
1509,0.7878353423135677
1510,0.5200987085127068
1511,0.547271628940425
1512,0.5330182613525901
1513,0.8088267323982783
1514,0.47909148729343193
1515,0.8131269268157203
1516,0.8235777947507293
1517,0.5398459658380784
1518,0.5370370226357454
1519,0.49054009165393725
1520,0.5628801138730735
1521,0.528564977086516
1522,0.5310069573670326
1523,0.8269353284266076
1524,0.5514995417303153
1525,0.5457425357589225
1526,0.5488648798777949
1527,0.5715597139286213
1528,0.7924909457019862
1529,0.5412380919316764
1530,0.5318952228857108
1531,0.8029569504235525
1532,0.42456899041799767
1533,0.5542229968059992
1534,0.8264231217886407
1535,0.7829105540897099
1536,0.8049327315650605
1537,0.5808738647410084
1538,0.7939389806971258
1539,0.8090817803082909
1540,0.732653659213998
1541,0.8056097208721011
1542,0.8015269545896403
1543,0.8085111651159563
1544,0.5076160949868076
1545,0.8035509790306904
1546,0.801249215386752
1547,0.8164067907235111
1548,0.790466921260936
1549,0.7918820997083739
1550,0.7848521871962229
1551,0.5518665601999725
1552,0.8062194556311624
1553,0.7403805165949174
1554,0.8176253714761841
1555,0.5370529787529513
1556,0.820292959311207
1557,0.7270195528398834
1558,0.807024899319539
1559,0.7183645049298708
1560,0.7747642410776284
1561,0.45810606860158337
1562,0.570761894181364
1563,0.5013526176919876
1564,0.5575707957228164
1565,0.7802114011942787
1566,0.5093841410915153
1567,0.536110262463547
1568,0.7957799333425918
1569,0.8139453686987921
1570,0.5194660741563674
1571,0.5494023607832248
1572,0.5085864324399391
1573,0.5822826412998198
1574,0.5483332870434663
1575,0.5336086654631303
1576,0.7838614497986393
1577,0.530790181919178
1578,0.8055901402582978
1579,0.5129680877655883
1580,0.7865195528398836
1581,0.4650647271212332
1582,0.5479595195111792
1583,0.48835365921399826
1584,0.7971260380502712
1585,0.5378503263435637
1586,0.5548699208443277
1587,0.54067785029857
1588,0.5114347035134011
1589,0.8203497569781976
1590,0.5521258158589086
1591,0.47434278572420524
1592,0.5754349812526041
1593,0.5480947229551454
1594,0.6949936953200946
1595,0.7254243438411332
1596,0.8198491459519517
1597,0.8113758783502293
1598,0.8178775170115267
1599,0.48334178586307464
1600,0.4856524232745453
1601,0.5459998472434386
1602,0.7851299263991113
1603,0.5728410776281074
1604,0.49756983752256656
1605,0.784845243716151
1606,0.483453437022636
1607,0.5739080683238442
1608,0.49454959033467605
1609,0.5495859047354534
1610,0.8072423274545204
1611,0.5491267601721985
1612,0.5869935703374531
1613,0.5492032912095547
1614,0.5180944313289824
1615,0.7036505763088458
1616,0.7344217053187058
1617,0.8076381474795169
1618,0.5476268018330789
1619,0.519633356478267
1620,0.8148363144007778
1621,0.794549687543397
1622,0.8028020136092211
1623,0.4739608665463132
1624,0.7774990417997505
1625,0.5491941674767394
1626,0.4958780308290519
1627,0.7796246771281768
1628,0.7838614497986393
1629,0.788580474934037
1630,0.48184292459380657
1631,0.4732083182891266
1632,0.47451226218580767
1633,0.7904691015136788
1634,0.7816660602694074
1635,0.7934378003055137
1636,0.5701661435911681
1637,0.8053615747812808
1638,0.8120788223857801
1639,0.4978047215664494
1640,0.7923498541869187
1641,0.5674628107207336
1642,0.7898271906679633
1643,0.8044722399666716
1644,0.7787419247326762
1645,0.5776696431051246
1646,0.5666365365921404
1647,0.51378073878628
1648,0.5417306068601584
1649,0.5623297736425499
1650,0.5031184418830722
1651,0.5054072628801558
1652,0.8123284266074158
1653,0.8123284266074158
1654,0.7956189834745175
1655,0.5197842799611166
1656,0.79164036939314
1657,0.7956189834745175
1658,0.8004863630051382
1659,0.47065997778086394
1660,0.5320452853770312
1661,0.7793586029718098
1662,0.784845243716151
1663,0.4971615886682408
1664,0.4904740869323707
1665,0.5327981252603808
1666,0.4965713928621027
1667,0.782962269129288
1668,0.496710262463547
1669,0.4976684627135123
1670,0.4934525204832665
1671,0.4934525204832665
1672,0.532552381613665
1673,0.793942452437162
1674,0.5322079294542428
1675,0.4994965282599641
1676,0.4976684627135123
1677,0.49454959033467605
1678,0.4908823357866965
1679,0.48988389112623265
1680,0.49458983474517454
1681,0.5317010554089713
1682,0.4971615886682408
1683,0.5327981252603808
1684,0.8183648521038747
1685,0.7975773642549648
1686,0.5000867240661022
1687,0.8109164560477713
1688,0.793942452437162
1689,0.7975773642549648
1690,0.784845243716151
1691,0.7779503680044442
1692,0.7932468129426475
1693,0.8063122621858078
1694,0.7852766699069578
1695,0.8180246215803364
1696,0.8039476461602558
1697,0.8139418552978754
1698,0.7825109429245941
1699,0.49756983752256656
1700,0.7919610193028751
1701,0.7973942924593811
1702,0.5305734203582836
1703,0.5278193861963618
1704,0.5370120677683657
1705,0.49839945840855454
1706,0.4971615886682408
1707,0.5613288015553397
1708,0.5139756283849466
1709,0.536686793500903
1710,0.5345805999166785
1711,0.7888086793500907
1712,0.5664018886265798
1713,0.4786707679488962
1714,0.4766869879183448
1715,0.7882475489515349
1716,0.5458159144563255
1717,0.5064375642271909
1718,0.4513846965699211
1719,0.7899464796556037
1720,0.49489683377308724
1721,0.5081699486182476
1722,0.4513846965699211
1723,0.513195458964033
1724,0.5615725454797946
1725,0.8003300930426335
1726,0.7946112484377172
1727,0.5503572698236355
1728,0.7795543119011253
1729,0.8015565477017083
1730,0.7926837939175119
1731,0.507646521316484
1732,0.508399888904319
1733,0.5084172614914597
1734,0.5091810442994031
1735,0.5534290376336621
1736,0.5645355645049301
1737,0.5428331203999448
1738,0.7928601999722263
1739,0.8022736980974868
1740,0.5621764338286352
1741,0.5277487432301072
1742,0.8016310651298436
1743,0.7984787251770592
1744,0.5001657686432442
1745,0.47455653381474794
1746,0.8098079433412029
1747,0.7787210942924595
1748,0.8154833078739068
1749,0.5014306624079992
1750,0.566762560755451
1751,0.7986475906124153
1752,0.5462681016525484
1753,0.504186140813776
1754,0.8026987501735873
1755,0.5379463407860022
1756,0.5503861130398559
1757,0.5452360644354952
1758,0.5674343146785172
1759,0.5342721983057913
1760,0.49474229968060024
1761,0.5289491876128319
1762,0.7875576031106791
1763,0.5346248298847387
1764,0.507709693098181
1765,0.5074287737814194
1766,0.5365514373003752
1767,0.540731023468963
1768,0.5230347451742816
1769,0.5632036106096379
1770,0.5127359116789337
1771,0.5088796694903486
1772,0.5134426190806833
1773,0.5165224274406335
1774,0.583301597000417
1775,0.5628801138730735
1776,0.5447104985418694
1777,0.5503295653381476
1778,0.5518444660463825
1779,0.5348872239966679
1780,0.8059786557422584
1781,0.5071791417858633
1782,0.5436155950562422
1783,0.8092897236494934
1784,0.8240111928898766
1785,0.5773114567421193
1786,0.5839865296486602
1787,0.8211170115261771
1788,0.4551558116928206
1789,0.5773114567421193
1790,0.5383645882516318
1791,0.8295447854464659
1792,0.5573260658241914
1793,0.5485951951117902
1794,0.5539420774892376
1795,0.561176697680878
1796,0.5688007776697684
1797,0.8049327315650605
1798,0.5725917511456743
1799,0.5072032217747536
1800,0.5514667407304542
1801,0.8015073739758369
1802,0.4690213164838219
1803,0.8128977919733374
1804,0.5355131092903765
1805,0.5496523260658244
1806,0.8112803221774756
1807,0.7837481738647414
1808,0.8169439800027776
1809,0.7430434245243717
1810,0.7814464102208027
1811,0.7525675600611028
1812,0.7387948618247467
1813,0.7817241494236913
1814,0.5740769198722401
1815,0.5534096930981813
1816,0.5745945007637829
1817,0.825199777808638
1818,0.8083145257603114
1819,0.8105790306901822
1820,0.44796067212887114
1821,0.5742120538814056
1822,0.8223403555061799
1823,0.4468717539230665
1824,0.5184123038466881
1825,0.7915166365782531
1826,0.8238555339536177
1827,0.5425835578391891
1828,0.7949419941674768
1829,0.5440660880433276
1830,0.8196159700041662
1831,0.7904473406471325
1832,0.7209930148590472
1833,0.8096621719205669
1834,0.811551117900292
1835,0.7236741841410915
1836,0.8196159700041662
1837,0.46730137480905465
1838,0.8001452020552704
1839,0.5811067907235107
1840,0.42989105679766715
1841,0.5494237050409666
1842,0.8189216219969453
1843,0.5293639772253856
1844,0.5759505624218861
1845,0.7981893209276492
1846,0.5732887099014029
1847,0.5318470767948899
1848,0.42972241355367335
1849,0.5559833495347873
1850,0.5445725593667547
1851,0.781473253714762
1852,0.5118153450909599
1853,0.5357189557005974
1854,0.4685781280377727
1855,0.5756102763505071
1856,0.7774990417997505
1857,0.788594084154979
1858,0.7744807943341206
1859,0.5544417303152345
1860,0.5227489793084299
1861,0.5544417303152345
1862,0.8003935147896128
1863,0.8003935147896128
1864,0.8003935147896128
1865,0.490612956533815
1866,0.4976684627135123
1867,0.5249333287043467
1868,0.4965713928621027
1869,0.5219277044854883
1870,0.4930687682266354
1871,0.5000867240661022
1872,0.7975773642549648
1873,0.7779503680044442
1874,0.50651727537842
1875,0.5124540758228026
1876,0.79201055408971
1877,0.48994989584779913
1878,0.5376994722955147
1879,0.5312138452992643
1880,0.5628801138730735
1881,0.47604867379530647
1882,0.793942452437162
1883,0.8159207471184563
1884,0.7991813081516459
1885,0.49825865851965034
1886,0.49816003332870457
1887,0.5419244549368147
1888,0.5370120677683657
1889,0.7874398833495353
1890,0.5072032217747536
1891,0.5267455353423138
1892,0.5452360644354952
1893,0.5139047215664492
1894,0.4932578947368424
1895,0.5669372448271077
1896,0.7949419941674768
1897,0.8130887376753231
1898,0.7881108596028332
1899,0.5819909318150259
1900,0.7982161644216085
1901,0.7800646576864328
1902,0.5084172614914597
1903,0.801249215386752
1904,0.5534190806832386
1905,0.5362763227329541
1906,0.8125636161644221
1907,0.5312116233856412
1908,0.8096252326065825
1909,0.8058944035550621
1910,0.8199883766143593
1911,0.7789290376336622
1912,0.48004875711706724
1913,0.7901582557978061
1914,0.5715597139286213
1915,0.4977087071240108
1916,0.512167462852382
1917,0.7753847521177616
1918,0.5150469795861689
1919,0.47674554922927387
1920,0.5465832939869465
1921,0.5001657686432442
1922,0.5339763505068742
1923,0.7794466879600058
1924,0.4947981669212613
1925,0.7996326343563398
1926,0.49756983752256656
1927,0.5312465213164841
1928,0.5360055270101377
1929,0.5115054436883768
1930,0.5147628662685739
1931,0.4784232328843217
1932,0.794549687543397
1933,0.7938284543813363
1934,0.7824367865574228
1935,0.7834596583807806
1936,0.7785553811970561
1937,0.7847454936814333
1938,0.5143905152062215
1939,0.5550323288432163
1940,0.554603374531315
1941,0.8041051659491739
1942,0.8089573670323571
1943,0.5209119011248438
1944,0.7838614497986393
1945,0.4965713928621027
1946,0.5802442021941401
1947,0.49816003332870457
1948,0.5875760449937512
1949,0.5392656297736428
1950,0.5305908207193448
1951,0.5382192195528402
1952,0.5408934036939317
1953,0.5785810304124431
1954,0.8087642410776283
1955,0.7995363560616582
1956,0.803197750312457
1957,0.5681023191223444
1958,0.7924123455075689
1959,0.7970635467296212
1960,0.5344485765865855
1961,0.5467928065546453
1962,0.8012835717261493
1963,0.8012835717261493
1964,0.8133664768782115
1965,0.8117209137619777
1966,0.5128692959311207
1967,0.4894430218025277
1968,0.4904740869323707
1969,0.4965713928621027
1970,0.7793586029718098
1971,0.784340549923622
1972,0.7879442160811003
1973,0.7802577836411612
1974,0.782962269129288
1975,0.4914725315928345
1976,0.4976684627135123
1977,0.8003300930426335
1978,0.793942452437162
1979,0.5336896958755731
1980,0.5343368559922235
1981,0.5374841410915154
1982,0.5337945701985838
1983,0.5346208443271769
1984,0.8127501180391618
1985,0.49825865851965034
1986,0.49404271628940455
1987,0.539036619913901
1988,0.8044722399666716
1989,0.787891209554229
1990,0.793942452437162
1991,0.49468845993612026
1992,0.8109788501597002
1993,0.8041493681433137
1994,0.7675360783224554
1995,0.7967858075267329
1996,0.8146257880849888
1997,0.7904776558811281
1998,0.4976684627135123
1999,0.8008833911956676
2000,0.8046006943480076
2001,0.7888086793500907
2002,0.5336494514650746
2003,0.7969698097486464
2004,0.7888086793500907
2005,0.5334835300652689
2006,0.4755085543674491
2007,0.5372769893070409
2008,0.491538536314401
2009,0.7795543119011253
2010,0.8062046382446886
2011,0.4572880988751564
2012,0.5536768643243993
2013,0.8046315789473687
2014,0.8004876128315515
2015,0.795366796278295
2016,0.7882475489515349
2017,0.7859180113873075
2018,0.4753202333009306
2019,0.5129795722816278
2020,0.5479595195111792
2021,0.5499404666018609
2022,0.5030885432578811
2023,0.8087377586446328
2024,0.7942419525065967
2025,0.7937906263019029
2026,0.515560491598389
2027,0.7871183030134707
2028,0.8039609637550345
2029,0.7985560338841832
2030,0.49756983752256656
2031,0.4909809609776422
2032,0.4745229273711986
2033,0.4976684627135123
2034,0.805551590056937
2035,0.8172822385779756
2036,0.807403318983475
2037,0.8084101235939457
2038,0.7898271906679633
2039,0.4744020552701015
2040,0.7952800027773924
2041,0.4829005971392864
2042,0.8008313150951258
2043,0.5517570892931538
2044,0.5066988473823083
2045,0.5218327176781004
2046,0.5723234967365646
2047,0.7878353423135677
2048,0.5018354811831693
2049,0.5731442855159008
2050,0.8117209137619777
2051,0.556026301902514
2052,0.572872962088599
2053,0.512253048187752
2054,0.8049327315650605
2055,0.5332810720733232
2056,0.5194660741563674
2057,0.4901207054575756
2058,0.797146507429524
2059,0.5354785446465772
2060,0.5110149284821555
2061,0.5281236633800865
2062,0.5445725593667547
2063,0.5679591167893351
2064,0.5561197194834054
2065,0.5076198305790863
2066,0.5681023191223444
2067,0.5415587696153316
2068,0.5715597139286213
2069,0.5534096930981813
2070,0.8065653381474795
2071,0.5039971670601308
2072,0.8193382308012778
2073,0.4745016386612972
2074,0.531258825163172
2075,0.48907886404666046
2076,0.5545353978614083
2077,0.506650381891404
2078,0.5462681016525484
2079,0.7938726982363561
2080,0.5716843355089573
2081,0.811043924454937
2082,0.4815829745868631
2083,0.8015269545896403
2084,0.5725917511456743
2085,0.5733555339536177
2086,0.5062047771142899
2087,0.8196159700041662
2088,0.8001334953478686
2089,0.5748119983335649
2090,0.8197018330787392
2091,0.7243467157339257
2092,0.8085559366754619
2093,0.8042235661713653
2094,0.4544185946396337
2095,0.804654992362172
2096,0.5715597139286213
2097,0.7324581169282045
2098,0.7848521871962229
2099,0.5356691987224
2100,0.47403924454936835
2101,0.8126387029579227
2102,0.7851299263991113
2103,0.8176253714761841
2104,0.8049327315650605
2105,0.7310230523538398
2106,0.8059025968615474
2107,0.8012296347729485
2108,0.5659549923621722
2109,0.5715597139286213
2110,0.5077402027496184
2111,0.8180120261074854
2112,0.7848521871962229
2113,0.8081119150118041
2114,0.7870415636717125
2115,0.7846255936675464
2116,0.5776275933898073
2117,0.7938726982363561
2118,0.804654992362172
2119,0.572166907373976
2120,0.803273239827802
2121,0.5474455492292739
2122,0.7851299263991113
2123,0.537211595611721
2124,0.7848521871962229
2125,0.781977586446327
2126,0.7991109429245941
2127,0.7938726982363561
2128,0.8028891265102073
2129,0.574425649215387
2130,0.7817241494236913
2131,0.552727773920289
2132,0.8196159700041662
2133,0.5414462435772811
2134,0.803273239827802
2135,0.5371465629773645
2136,0.7393989445910291
2137,0.5419638244688239
2138,0.5151446326899043
2139,0.5329922927371203
2140,0.512253048187752
2141,0.5357539508401615
2142,0.534167476739342
2143,0.513164685460353
2144,0.5440660880433276
2145,0.51278075267324
2146,0.4798322038605751
2147,0.49715247882238617
2148,0.8033243855020139
2149,0.516073462019164
2150,0.5182910290237469
2151,0.8193113873073185
2152,0.44138411331759486
2153,0.5202133870295793
2154,0.46296294959033496
2155,0.7901474795167338
2156,0.7889822663518958
2157,0.4894507290654078
2158,0.77919325093737
2159,0.7975773642549648
2160,0.7888980141646997
2161,0.536686793500903
2162,0.5817626024163314
2163,0.490612956533815
2164,0.49842183030134735
2165,0.5182910290237469
2166,0.5055919316761565
2167,0.500830926260242
2168,0.8039754200805449
2169,0.8046315789473687
2170,0.7800056381058191
2171,0.530628718233579
2172,0.565480822108041
2173,0.5059895708929318
2174,0.8125184418830722
2175,0.782962269129288
2176,0.4965713928621027
2177,0.7971528815442305
2178,0.8046006943480076
2179,0.5378503263435637
2180,0.4735204971531734
2181,0.5339090542980143
2182,0.530790181919178
2183,0.5173649493125955
2184,0.5079429245938066
2185,0.5299738647410086
2186,0.5604017080960982
2187,0.5162850992917654
2188,0.804208068323844
2189,0.5470961394250803
2190,0.4250294542424665
2191,0.44002134425774225
2192,0.43292894042494107
2193,0.7344750867935009
2194,0.6953404249409806
2195,0.5296910429107072
2196,0.5800240661019304
2197,0.804706138036384
2198,0.5913736008887658
2199,0.7901544646576866
2200,0.8001208998750177
2201,0.8126387029579227
2202,0.7774087765588117
2203,0.8055355228440497
2204,0.7880313706429665
2205,0.8090072628801557
2206,0.5001940424940984
2207,0.8130887376753231
2208,0.7843730870712404
2209,0.5130452992639912
2210,0.7990247604499376
2211,0.5453063463407862
2212,0.8217081377586449
2213,0.7426740313845301
2214,0.7848774198028053
2215,0.5425835578391891
2216,0.8238555339536177
2217,0.5634672684349401
2218,0.8015073739758369
2219,0.8196159700041662
2220,0.8049087487848914
2221,0.4977087071240108
2222,0.49756983752256656
2223,0.5339763505068742
2224,0.7994833495347872
2225,0.7891936675461746
2226,0.4783929176503265
2227,0.5428331203999448
2228,0.5318808359950009
2229,0.784845243716151
2230,0.8072423274545204
2231,0.8159207471184563
2232,0.5634021941397033
2233,0.5437414803499517
2234,0.4965713928621027
2235,0.47585736703235676
2236,0.5202794056381059
2237,0.5308676156089435
2238,0.5718895570059717
2239,0.4522696708790448
2240,0.5245889043188449
2241,0.5296247326760174
2242,0.5113704346618526
2243,0.7876999444521595
2244,0.7767709068184978
2245,0.7875532009443137
2246,0.512253048187752
2247,0.7175618386335231
2248,0.5088060963755037
2249,0.5525315789473685
2250,0.5462681016525484
2251,0.8166024996528262
2252,0.5363048187751703
2253,0.8180246215803364
2254,0.789031801138731
2255,0.778381794195251
2256,0.7946112484377172
2257,0.7967589640327735
2258,0.561493736980975
2259,0.8023311067907237
2260,0.5394584085543677
2261,0.514304513262047
2262,0.5209119011248438
2263,0.7798099291765037
2264,0.5299094153589782
2265,0.5021369115400641
2266,0.5377667685043747
2267,0.48988389112623265
2268,0.4977087071240108
2269,0.549313539786141
2270,0.7979810165254828
2271,0.5800798916817113
2272,0.7976095403416196
2273,0.49504223024579935
2274,0.4963448548812668
2275,0.5729408137758648
2276,0.506048534925705
2277,0.7861758505763092
2278,0.5013526176919876
2279,0.5307951951117903
2280,0.5037803082905155
2281,0.5270122482988474
2282,0.5181809332037218
2283,0.8012835717261493
2284,0.8074696014442442
2285,0.47447815581169295
2286,0.5600782113595337
2287,0.49730045826968505
2288,0.5731151367865577
2289,0.47507435078461346
2290,0.7937906263019029
2291,0.7914844604915987
2292,0.4904740869323707
2293,0.49730045826968505
2294,0.7990632689904182
2295,0.49102120538814076
2296,0.7971528815442305
2297,0.7839690737397588
2298,0.5317482988473824
2299,0.793942452437162
2300,0.7919610193028751
2301,0.7888086793500907
2302,0.4930687682266354
2303,0.48994989584779913
2304,0.8005551867796143
2305,0.49171002638522454
2306,0.49157115678378027
2307,0.4976684627135123
2308,0.5002255936675464
2309,0.4944509651437303
2310,0.5347597139286212
2311,0.4979470073600891
2312,0.829894500763783
2313,0.7971260380502712
2314,0.7996985974170259
2315,0.7975773642549648
2316,0.7965974031384535
2317,0.47689165393695343
2318,0.8066559644493823
2319,0.8062046382446886
2320,0.5842855853353702
2321,0.4971615886682408
2322,0.537899305651993
2323,0.47736410220802683
2324,0.7924054020274965
2325,0.5201233995278434
2326,0.8137196639355647
2327,0.8042269962505212
2328,0.7707152617691989
2329,0.7852766699069578
2330,0.7972102902374673
2331,0.7892600055547845
2332,0.7973942924593811
2333,0.7779503680044442
2334,0.7934911262324681
2335,0.8003300930426335
2336,0.7933115261769202
2337,0.5495859047354534
2338,0.4952786557422584
2339,0.5000867240661022
2340,0.4977087071240108
2341,0.5624201777530901
2342,0.4936589640327735
2343,0.49825865851965034
2344,0.7991813081516459
2345,0.8005551867796143
2346,0.5146339813914734
2347,0.5495859047354534
2348,0.7807971948340512
2349,0.8325191362310792
2350,0.7942419525065967
2351,0.5603746424107762
2352,0.536686793500903
2353,0.7934911262324681
2354,0.4499271767810029
2355,0.4575172059436192
2356,0.5733652687126791
2357,0.5613288015553397
2358,0.7812485210387449
2359,0.8159056103318985
2360,0.5049590195806141
2361,0.49550884599361233
2362,0.8053120399944457
2363,0.4911492709345926
2364,0.524554506318567
2365,0.48184292459380657
2366,0.5298590334675741
2367,0.5298590334675741
2368,0.5175321621996947
2369,0.5582471462296904
2370,0.8161334536869883
2371,0.8026691154006391
2372,0.5128909734759062
2373,0.7805636578253025
2374,0.8008833911956676
2375,0.5150111928898764
2376,0.49166129704207767
2377,0.5214913900847106
2378,0.5561094292459383
2379,0.7962968615470076
2380,0.5110329120955425
2381,0.520840647132343
2382,0.5200442160811001
2383,0.5349503124566035
2384,0.7969429662546872
2385,0.5113530481877521
2386,0.5289454520205529
2387,0.472665171503958
2388,0.5549942646854609
2389,0.5214194972920428
2390,0.5121168309956955
2391,0.5274636855992229
2392,0.5715597139286213
2393,0.5686084849326486
2394,0.5297128037772534
2395,0.8201720177753092
2396,0.5371025968615473
2397,0.5726051937230943
2398,0.471413345368699
2399,0.4381774336897655
2400,0.7130601444243855
2401,0.50717785029857
2402,0.5620823357866966
2403,0.5715597139286213
2404,0.499523427301764
2405,0.5721145396472717
2406,0.5531274267462853
2407,0.567278336342175
2408,0.5076160949868076
2409,0.5913736008887658
2410,0.5674628107207336
2411,0.507709693098181
2412,0.4837534925704765
2413,0.5445725593667547
2414,0.5059518539091795
2415,0.583301597000417
2416,0.5076198305790863
2417,0.5457425357589225
2418,0.5093819191778922
2419,0.806730162477434
2420,0.5101149284821556
2421,0.5118807526732401
2422,0.5078476322732954
2423,0.7439552562144148
2424,0.5124501180391616
2425,0.8008259825024305
2426,0.8035509790306904
2427,0.7326074017497571
2428,0.7883548118316901
2429,0.5648520622135818
2430,0.5670347729482019
2431,0.5104764477155953
2432,0.5513616025552007
2433,0.5502967365643662
2434,0.5395155811692822
2435,0.5496523260658244
2436,0.5544417303152345
2437,0.5037803082905155
2438,0.48058557144841013
2439,0.5728410776281074
2440,0.8049327315650605
2441,0.5207429384807668
2442,0.5776275933898073
2443,0.5910359533398143
2444,0.7783183724482712
2445,0.8090154978475214
2446,0.8162101930287462
2447,0.814697764199417
2448,0.7980968754339677
2449,0.7938726982363561
2450,0.7781526593528679
2451,0.7763524371615056
2452,0.8085489931953898
2453,0.5582336619913907
2454,0.5412264268851552
2455,0.783858339119567
2456,0.7878309401472022
2457,0.8049327315650605
2458,0.8053698097486461
2459,0.5734482710734622
2460,0.7883027357311486
2461,0.8035509790306904
2462,0.8096252326065825
2463,0.7956701291487296
2464,0.7981015970004168
2465,0.8042317594778505
2466,0.8236987362866272
2467,0.8091578391890019
2468,0.8015073739758369
2469,0.8196159700041662
2470,0.8057226357450357
2471,0.7927248021108181
2472,0.801249215386752
2473,0.8076337453131514
2474,0.7917666018608529
2475,0.7986324538258578
2476,0.7837481738647414
2477,0.4721978336342175
2478,0.5342601583113461
2479,0.5435405221497017
2480,0.5673753367587839
2481,0.532815636717123
2482,0.5077840855436747
2483,0.5678610470767951
2484,0.5183892653798088
2485,0.5076160949868076
2486,0.5491267601721985
2487,0.801436328287738
2488,0.810539591723372
2489,0.5204330509651439
2490,0.5707911956672688
2491,0.5559767254547985
2492,0.5333286071378979
2493,0.5232403832801
2494,0.5178570337453133
2495,0.5725917511456743
2496,0.5390384252187198
2497,0.8021240938758507
2498,0.5457425357589225
2499,0.5629885710318017
2500,0.5293519372309403
2501,0.5473183724482713
2502,0.8093844327176783
2503,0.8169149562560757
2504,0.8112733786974035
2505,0.7774990417997505
2506,0.537899305651993
2507,0.5154028329398694
2508,0.5373091098458549
2509,0.49489683377308724
2510,0.4969678516872659
2511,0.5495859047354534
2512,0.7991813081516459
2513,0.7973942924593811
2514,0.5037514511873353
2515,0.5495254409109848
2516,0.780491681710874
2517,0.5057885293709211
2518,0.5029998889043192
2519,0.77919325093737
2520,0.7970120399944457
2521,0.8078745452020556
2522,0.7919610193028751
2523,0.5535676711567838
2524,0.537380905429802
2525,0.5695582002499656
2526,0.5474234689626443
2527,0.5518721288709902
2528,0.5086518677961395
2529,0.5093819191778922
2530,0.5100437855853355
2531,0.4797441049854189
2532,0.784845243716151
2533,0.8062046382446886
2534,0.5001269684766005
2535,0.7919610193028751
2536,0.7924123455075689
2537,0.4909809609776422
2538,0.8078745452020556
2539,0.4768020413831415
2540,0.5555123177336481
2541,0.7971260380502712
2542,0.8078745452020556
2543,0.5386862657964177
2544,0.5636771142896824
2545,0.801421510901264
2546,0.5853057214275798
2547,0.5112492570476326
2548,0.7890547979447304
2549,0.7794432162199698
2550,0.49102120538814076
2551,0.5312002360783228
2552,0.5110521871962229
2553,0.4437074989584782
2554,0.44590444382724653
2555,0.803273239827802
2556,0.549790265240939
2557,0.5031232051104017
2558,0.7123167337869741
2559,0.5491294959033468
2560,0.7949419941674768
2561,0.8073560061102628
2562,0.808641438689071
2563,0.8193382308012778
2564,0.8069532426051939
2565,0.5138277739202892
2566,0.7880313706429665
2567,0.8029421330370782
2568,0.5352386890709626
2569,0.5550317039300099
2570,0.7990247604499376
2571,0.5467816275517292
2572,0.5114347035134011
2573,0.5370529787529513
2574,0.5179425496458826
2575,0.8081119150118041
2576,0.7430989723649494
2577,0.8011346479655606
2578,0.5715597139286213
2579,0.5237963477294825
2580,0.7375927926676852
2581,0.5072032217747536
2582,0.5105266490765173
2583,0.5403322177475354
2584,0.5217115122899599
2585,0.4969678516872659
2586,0.5116477294820165
2587,0.47820161088737684
2588,0.4965689765310376
2589,0.5189020552701016
2590,0.5413342591306767
2591,0.5581132203860579
2592,0.5138034023052355
2593,0.5440431606721292
2594,0.5167053187057354
2595,0.49489683377308724
2596,0.4971615886682408
2597,0.5622351340091658
2598,0.782962269129288
2599,0.5373493542563534
2600,0.507650062491321
2601,0.5237005832523264
2602,0.8076381474795169
2603,0.7767709068184978
2604,0.7244879600055549
2605,0.8235295514511874
2606,0.5031729343146788
2607,0.5174031940008335
2608,0.478310748507152
2609,0.7902586168587701
2610,0.4332769476461605
2611,0.49050259686154724
2612,0.5045118316900432
2613,0.5082107485071521
2614,0.5071791417858633
2615,0.5227601860852663
2616,0.5750769198722403
2617,0.5673582696847663
2618,0.536527385085405
2619,0.5734421746979589
2620,0.77429902791279
2621,0.8092259825024304
2622,0.7926449520899879
2623,0.8125184418830722
2624,0.7924123455075689
2625,0.8047534509095962
2626,0.5341819330648524
2627,0.512031440077767
2628,0.7808167337869745
2629,0.7970566032495491
2630,0.7817159144563257
2631,0.8102453825857525
2632,0.7919357866962926
2633,0.49816003332870457
2634,0.48988389112623265
2635,0.4996268990418001
2636,0.8042509790306903
2637,0.5367423830023612
2638,0.7787340508262746
2639,0.8006716150534651
2640,0.49121777530898514
2641,0.5037803082905155
2642,0.47451226218580767
2643,0.8212533398139148
2644,0.8056349118178033
2645,0.8133664768782115
2646,0.8133664768782115
2647,0.8012835717261493
2648,0.5197842799611166
2649,0.5539446465768645
2650,0.5082352589918069
2651,0.79164036939314
2652,0.8181631301208171
2653,0.6082588529370924
2654,0.5604754756283851
2655,0.4965713928621027
2656,0.7919357866962926
2657,0.7973942924593811
2658,0.809721510901264
2659,0.7888980141646997
2660,0.7857986807387867
2661,0.49780733231495655
2662,0.49756983752256656
2663,0.782962269129288
2664,0.49504116094986833
2665,0.49518003055131254
2666,0.49518003055131254
2667,0.8044722399666716
2668,0.8078745452020556
2669,0.5533229829190393
2670,0.7949492570476326
2671,0.7996326343563398
2672,0.4983975281210946
2673,0.49825865851965034
2674,0.49404271628940455
2675,0.5405592278850162
2676,0.7975773642549648
2677,0.8094525760311071
2678,0.7996326343563398
2679,0.7924123455075689
2680,0.7932468129426475
2681,0.7924123455075689
2682,0.7901591862241358
2683,0.7942419525065967
2684,0.7924123455075689
2685,0.7973942924593811
2686,0.8000700736008891
2687,0.5278876128315515
2688,0.564180558255798
2689,0.5146339813914734
2690,0.784845243716151
2691,0.8078745452020556
2692,0.41100226357450353
2693,0.5305734203582836
2694,0.4512732814886823
2695,0.8062046382446886
2696,0.8066559644493823
2697,0.7961409943063467
2698,0.7849875850576313
2699,0.514235370087488
2700,0.5154053464796555
2701,0.7899764754895157
2702,0.5600782113595337
2703,0.7891656297736429
2704,0.5103819052909322
2705,0.547327107346202
2706,0.5297717261491461
2707,0.4658007221219277
2708,0.5422701291487295
2709,0.45834585474239725
2710,0.519242674628524
2711,0.8008000694348012
2712,0.7969429662546872
2713,0.5510660324954868
2714,0.8056760033328707
2715,0.8026691154006391
2716,0.8078745452020556
2717,0.7992602277461468
2718,0.5558165115956117
2719,0.48803039855575636
2720,0.5274664907651717
2721,0.5450981252603807
2722,0.8056393139841692
2723,0.5382975697819751
2724,0.5123351756700459
2725,0.46919955561727555
2726,0.5325434245243719
2727,0.4805874461880296
2728,0.48969879183446785
2729,0.7875576031106791
2730,0.5620823357866966
2731,0.5101149284821556
2732,0.5138548396056106
2733,0.5139499097347593
2734,0.5394584085543677
2735,0.5620823357866966
2736,0.7977970143035691
2737,0.5462681016525484
2738,0.5731442855159008
2739,0.5159590056936539
2740,0.5861034995139567
2741,0.5166714761838634
2742,0.5243638800166647
2743,0.5282224829884743
2744,0.5187422024718791
2745,0.5684846826829609
2746,0.5082352589918069
2747,0.5926688793223166
2748,0.550093348146091
2749,0.5508223024579921
2750,0.5395155811692822
2751,0.5445725593667547
2752,0.5714702680183311
2753,0.5047084988196087
2754,0.7788296486599086
2755,0.7929807804471604
2756,0.5452503402305235
2757,0.5768131370642968
2758,0.833742480211082
2759,0.7949419941674768
2760,0.8093184279961118
2761,0.5038419108457162
2762,0.5235460630467993
2763,0.498872850992918
2764,0.5560136786557427
2765,0.7826867518400225
2766,0.7936461047076797
2767,0.5534096930981813
2768,0.47337764199416776
2769,0.5462681016525484
2770,0.5440660880433276
2771,0.5462681016525484
2772,0.40552931537286496
2773,0.8028891265102073
2774,0.815734203582836
2775,0.8078341758089157
2776,0.788309109845855
2777,0.7924909457019862
2778,0.8123496181085963
2779,0.8049990140258301
2780,0.5459998472434386
2781,0.505370268018331
2782,0.5723234967365646
2783,0.8194118039161229
2784,0.5479595195111792
2785,0.8120336897653105
2786,0.5458195111790031
2787,0.803619122344119
2788,0.5397544646576867
2789,0.8015073739758369
2790,0.7219581585890847
2791,0.5715597139286213
2792,0.48546511595611747
2793,0.788954492431607
2794,0.7832621302596864
2795,0.8223403555061799
2796,0.5352408415497851
2797,0.8193382308012778
2798,0.8112803221774756
2799,0.8059025968615474
2800,0.476782488543258
2801,0.5476268018330789
2802,0.8154564643799475
2803,0.5425835578391891
2804,0.5569002916261635
2805,0.5558682544091105
2806,0.5437802249687544
2807,0.5104583391195667
2808,0.5024427996111654
2809,0.513349312595473
2810,0.5082352589918069
2811,0.5222798916817113
2812,0.5286738091931682
2813,0.540496319955562
2814,0.524392848215526
2815,0.5952600888765452
2816,0.5395893209276492
2817,0.5180944313289824
2818,0.5683081655325652
2819,0.7710763227329541
2820,0.5066988473823083
2821,0.7949419941674768
2822,0.8012296347729485
2823,0.7749125954728511
2824,0.50429323705041
2825,0.5495522149701435
2826,0.5972365504791003
2827,0.8076381474795169
2828,0.8063500902652413
2829,0.5168188723788364
2830,0.8005551867796143
2831,0.4787825024302181
2832,0.5167787946118596
2833,0.48587439244549396
2834,0.7996326343563398
2835,0.5000867240661022
2836,0.8066559644493823
2837,0.5187531731703933
2838,0.5729522427440635
2839,0.8046006943480076
2840,0.5124540758228026
2841,0.7812485210387449
2842,0.7779503680044442
2843,0.797412581585891
2844,0.5253943202333012
2845,0.5468630190251356
2846,0.795366796278295
2847,0.7924618802944039
2848,0.4718623941119291
2849,0.8005551867796143
2850,0.7924123455075689
2851,0.7975773642549648
2852,0.7966791140119431
2853,0.7774990417997505
2854,0.5378503263435637
2855,0.51360287460075
2856,0.8078745452020556
2857,0.7991813081516459
2858,0.4770232884321624
2859,0.805051701152618
2860,0.483747548951535
2861,0.514430287460075
2862,0.7955984724343844
2863,0.4599903485627
2864,0.7971528815442305
2865,0.5271274267462855
2866,0.8111079850020835
2867,0.8288233300930429
2868,0.8236987362866272
2869,0.8235295514511874
2870,0.5353735870018056
2871,0.47529901402583
2872,0.5723234967365646
2873,0.8112803221774756
2874,0.8108129287598949
2875,0.8096621719205669
2876,0.7967394250798503
2877,0.8049327315650605
2878,0.818452673239828
2879,0.7797313706429664
2880,0.8090154978475214
2881,0.8159324538258577
2882,0.8114431745590892
2883,0.8131269268157203
2884,0.8186568393278714
2885,0.8051432162199695
2886,0.8266225107623946
2887,0.5047887099014029
2888,0.7907203582835719
2889,0.47307410081933093
2890,0.5397544646576867
2891,0.8108753784196644
2892,0.4250294542424665
2893,0.7464831967782252
2894,0.7427295792251077
2895,0.4977087071240108
2896,0.49756983752256656
2897,0.4890579086238024
2898,0.5768131370642968
2899,0.5139756283849466
2900,0.566762560755451
2901,0.5584447437855855
2902,0.5164889876406055
2903,0.4983975281210946
2904,0.49730045826968505
2905,0.5537703791140125
2906,0.5298032912095545
2907,0.8100980558255799
2908,0.5094319261213722
2909,0.5468206360227748
2910,0.46194225801971983
2911,0.8076381474795169
2912,0.5318952228857108
2913,0.8015269545896403
2914,0.7199202471878904
2915,0.7344217053187058
2916,0.7817241494236913
2917,0.5084819191778923
2918,0.4058882932925984
2919,0.7980305513123178
